48 array('B', [1, 2, 129, 114, 1, 0, 0, 0, 0, 54, 110, 1, 0, 0, 0, 0, 0, 232, 217, 6, 0, 0, 0, 0, 0, 116, 195, 255, 255, 0, 0, 0, 0, 0, 0, 0, 0, 0, 0, 0, 0, 0, 0, 0, 2, 247, 0, 0])

all zero
48 array('B', [1, 2, 129, 20, 73, 0, 0, 0, 0, 0, 0, 0, 0, 0, 0, 0, 0, 0, 0, 0, 0, 0, 0, 0, 0, 0, 0, 0, 0, 0, 0, 0, 0, 0, 0, 0, 0, 0, 0, 0, 0, 0, 0, 0, 117, 238, 0, 0])

x = 10
48 array('B', [1, 2, 129, 133, 124, 0, 0, 0, 0, 160, 134, 1, 0, 0, 0, 0, 0, 0, 0, 0, 0, 0, 0, 0, 0, 0, 0, 0, 0, 0, 0, 0, 0, 0, 0, 0, 0, 0, 0, 0, 0, 0, 0, 0, 43, 8, 0, 0])

x-0.0001
48 array('B', [1, 2, 129, 220, 144, 0, 0, 0, 0, 159, 134, 1, 0, 0, 0, 0, 0, 0, 0, 0, 0, 0, 0, 0, 0, 0, 0, 0, 0, 0, 0, 0, 0, 0, 0, 0, 0, 0, 0, 0, 0, 0, 0, 0, 88, 66, 0, 0])

x = -10
48 array('B', [1, 2, 129, 108, 215, 0, 0, 0, 0, 96, 121, 254, 255, 0, 0, 0, 0, 0, 0, 0, 0, 0, 0, 0, 0, 0, 0, 0, 0, 0, 0, 0, 0, 0, 0, 0, 0, 0, 0, 0, 0, 0, 0, 0, 205, 53, 0, 0])
//////////////////////////////////
 03 0F 00 00 00 00 00 00 00 00 00 00 00 00 20 0F   .............. .
 63 05 00 00 00 00 00 00 00 00 00                  c..........
//////////////////////////////////
02 02 00 05 00 00 00 00 00                         .........
//////////////////////////////////
02 0A 00 24 01 00 00 00 00                         ...$.....
/////////////////////////////////
 03 09 00 00 00 00 00 00 00 00 00 00 00 00 00 00   ................
 00 00 00 00 00 0F 00 00 00 00 00                  ...........
/////////////////////////////////
 02 03 00 01 00 00 00 00 00                        .........
перемыщення по Y++
 03 05 00 BF 00 00 00 00 00 00 00 00 00 FE 00 00   ...ї.........ю.. # переміщення по y 14-й байт.(FE)
 00 00 00 00 00 00 00 00 00 00 00                  ...........
перемыщення по Y--
 03 05 00 4A 04 00 00 00 00 00 00 00 00 02 FF FF   ...J..........яя # переміщення по y 10-й байт(21).
 FF 00 00 00 00 00 00 00 00 00 00                  я..........

переміщення по X++
 03 05 00 BD 0A 00 00 00 00 21 00 00 00 00 00 00   ...Ѕ.....!...... # переміщення по y 10-й байт(21).
 00 00 00 00 00 00 00 00 00 00 00                  ...........
переміщення по Х--
 03 05 00 11 08 00 00 00 00 34 FF FF FF 00 00 00   .........4яяя... # переміщення по y 10-й байт(21).
 00 00 00 00 00 00 00 00 00 00 00                  ...........
перемыщення по Z++
 03 05 00 2D 01 00 00 00 00 00 00 00 00 00 00 00   ...-............ # переміщення по y 18-й байт(21).
 00 FE 00 00 00 00 00 00 00 00 00                  .ю.........
перемыщення по Z--
 03 05 00 68 0E 00 00 00 00 00 00 00 00 00 00 00   ...h............ # переміщення по y 18-й байт(21).
 00 02 FF FF FF 00 00 00 00 00 00                  ..яяя......

перемыщення по А++
перемыщення по А--